2025 05 12 00 26 01 19.920 3.060 NAN
2025 05 12 00 27 00 19.950 3.060 NAN
2025 05 12 00 28 00 19.960 3.070 NAN
2025 05 12 00 29 00 19.970 3.070 NAN
2025 05 12 00 30 01 19.970 3.070 NAN
2025 05 12 00 31 00 19.970 3.070 NAN
2025 05 12 00 32 00 19.960 3.060 NAN
2025 05 12 00 33 00 19.950 3.070 NAN
2025 05 12 00 34 00 19.930 3.070 NAN
2025 05 12 00 35 01 19.920 3.070 NAN
2025 05 12 00 36 00 19.900 3.080 NAN
2025 05 12 00 37 00 19.900 3.060 NAN
2025 05 12 00 38 00 19.900 3.080 NAN
2025 05 12 00 39 00 19.900 3.080 NAN
2025 05 12 00 40 02 19.920 3.110 NAN
2025 05 12 00 41 00 19.940 3.080 NAN
2025 05 12 00 42 00 19.970 3.100 NAN
2025 05 12 00 43 01 20.000 3.120 NAN
2025 05 12 00 44 00 20.030 3.130 NAN
2025 05 12 00 45 01 20.050 3.150 NAN
2025 05 12 00 46 00 20.070 3.130 NAN
2025 05 12 00 47 01 20.080 3.160 NAN
2025 05 12 00 48 00 20.090 3.180 NAN
2025 05 12 00 49 00 20.090 3.180 NAN
2025 05 12 00 50 01 20.080 3.180 NAN
2025 05 12 00 51 00 20.080 3.190 NAN
2025 05 12 00 52 00 20.060 3.220 NAN
2025 05 12 00 53 00 20.040 3.220 NAN
2025 05 12 00 54 01 20.010 3.220 NAN
2025 05 12 00 55 01 19.990 3.230 NAN
2025 05 12 00 56 00 19.970 3.220 NAN
2025 05 12 00 57 01 19.950 3.220 NAN
2025 05 12 00 58 01 19.930 3.230 NAN
2025 05 12 00 59 00 19.920 3.250 NAN
2025 05 12 01 00 01 19.900 3.240 NAN
2025 05 12 01 01 02 19.890 3.230 NAN
2025 05 12 01 02 00 19.870 3.210 NAN
2025 05 12 01 03 00 19.870 3.210 NAN
2025 05 12 01 04 01 19.870 3.210 NAN
2025 05 12 01 05 00 19.880 3.220 NAN
2025 05 12 01 06 01 19.890 3.220 NAN
2025 05 12 01 07 00 19.910 3.200 NAN
2025 05 12 01 08 01 19.940 3.190 NAN
2025 05 12 01 09 00 19.950 3.180 NAN
2025 05 12 01 10 01 19.970 3.200 NAN
2025 05 12 01 11 01 19.970 3.190 NAN
2025 05 12 01 12 01 19.980 3.210 NAN
2025 05 12 01 13 00 19.990 3.210 NAN
2025 05 12 01 14 01 19.990 3.220 NAN
2025 05 12 01 15 00 19.990 3.210 NAN
2025 05 12 01 16 01 20.000 3.240 NAN
2025 05 12 01 17 00 20.030 3.250 NAN
2025 05 12 01 18 01 20.060 3.240 NAN
2025 05 12 01 19 00 20.110 3.240 NAN
2025 05 12 01 20 01 20.150 3.240 NAN
2025 05 12 01 21 00 20.190 3.240 NAN
2025 05 12 01 22 01 20.230 3.230 NAN
2025 05 12 01 23 00 20.260 3.240 NAN
2025 05 12 01 24 01 20.290 3.230 NAN
2025 05 12 01 25 01 20.310 3.220 NAN
2025 05 12 01 26 00 20.330 3.210 NAN
2025 05 12 01 27 00 20.340 3.200 NAN
2025 05 12 01 28 01 20.340 3.190 NAN
2025 05 12 01 29 00 20.330 3.200 NAN
2025 05 12 01 30 00 20.310 3.220 NAN
2025 05 12 01 31 01 20.270 3.230 NAN
2025 05 12 01 32 00 20.230 3.230 NAN
2025 05 12 01 33 00 20.170 3.220 NAN
2025 05 12 01 34 01 20.100 3.240 NAN
2025 05 12 01 35 00 20.030 3.240 NAN
2025 05 12 01 36 00 19.960 3.260 NAN
2025 05 12 01 37 01 19.890 3.270 NAN
2025 05 12 01 38 03 19.830 3.290 NAN
2025 05 12 01 39 01 19.770 3.280 NAN
2025 05 12 01 40 01 19.730 3.300 NAN
2025 05 12 01 41 00 19.690 3.310 NAN
2025 05 12 01 42 01 19.650 3.290 NAN
2025 05 12 01 43 00 19.630 3.330 NAN
2025 05 12 01 44 00 19.610 3.340 NAN
2025 05 12 01 45 00 19.600 3.320 NAN
2025 05 12 01 46 00 19.580 3.320 NAN
2025 05 12 01 47 01 19.570 3.310 NAN
2025 05 12 01 48 00 19.560 3.300 NAN
2025 05 12 01 49 00 19.540 3.310 NAN
2025 05 12 01 50 01 19.530 3.310 NAN
2025 05 12 01 51 01 19.520 3.320 NAN
2025 05 12 01 52 00 19.510 3.330 NAN
2025 05 12 01 53 01 19.490 3.350 NAN
2025 05 12 01 54 02 19.480 3.350 NAN
2025 05 12 01 55 01 19.460 3.340 NAN
2025 05 12 01 56 00 19.450 3.330 NAN
2025 05 12 01 57 01 19.440 3.330 NAN
2025 05 12 01 58 00 19.430 3.340 NAN
2025 05 12 01 59 00 19.420 3.350 NAN
2025 05 12 02 00 01 19.410 3.340 NAN
2025 05 12 02 01 00 19.400 3.320 NAN
2025 05 12 02 02 01 19.400 3.340 NAN
2025 05 12 02 03 00 19.400 3.330 NAN
2025 05 12 02 04 00 19.390 3.340 NAN
2025 05 12 02 05 00 19.390 3.320 NAN
2025 05 12 02 06 01 19.390 3.320 NAN
2025 05 12 02 07 00 19.390 3.320 NAN
2025 05 12 02 08 01 19.390 3.310 NAN
2025 05 12 02 09 00 19.390 3.310 NAN
2025 05 12 02 10 01 19.390 3.290 NAN
2025 05 12 02 11 00 19.390 3.270 NAN
2025 05 12 02 12 01 19.400 3.250 NAN
2025 05 12 02 13 00 19.410 3.270 NAN
2025 05 12 02 14 01 19.430 3.250 NAN
2025 05 12 02 15 00 19.450 3.230 NAN
2025 05 12 02 16 00 19.470 3.230 NAN
2025 05 12 02 17 01 19.500 3.240 NAN
2025 05 12 02 18 01 19.550 3.240 NAN
2025 05 12 02 19 01 19.600 3.260 NAN
2025 05 12 02 20 00 19.650 3.260 NAN
2025 05 12 02 21 01 19.710 3.280 NAN
2025 05 12 02 22 00 19.770 3.280 NAN
2025 05 12 02 23 01 19.810 3.280 NAN
2025 05 12 02 24 00 19.840 3.290 NAN
2025 05 12 02 25 00 19.870 3.330 NAN
2025 05 12 02 26 01 19.880 3.330 NAN
2025 05 12 02 27 00 19.890 3.340 NAN
2025 05 12 02 28 01 19.890 3.330 NAN
2025 05 12 02 29 00 19.870 3.320 NAN
2025 05 12 02 30 01 19.860 3.310 NAN
2025 05 12 02 31 00 19.850 3.340 NAN
2025 05 12 02 32 01 19.840 3.320 NAN
2025 05 12 02 33 01 19.840 3.330 NAN
2025 05 12 02 34 00 19.830 3.330 NAN
2025 05 12 02 35 00 19.830 3.320 NAN
2025 05 12 02 36 01 19.830 3.310 NAN
2025 05 12 02 37 01 19.840 3.320 NAN
2025 05 12 02 38 00 19.850 3.300 NAN
2025 05 12 02 39 01 19.870 3.300 NAN
2025 05 12 02 40 00 19.890 3.310 NAN
2025 05 12 02 41 00 19.920 3.300 NAN
2025 05 12 02 42 00 19.950 3.300 NAN
2025 05 12 02 43 01 19.980 3.310 NAN
2025 05 12 02 44 00 20.020 3.290 NAN
2025 05 12 02 45 00 20.050 3.290 NAN
2025 05 12 02 46 00 20.080 3.280 NAN
2025 05 12 02 47 00 20.110 3.300 NAN
2025 05 12 02 48 01 20.130 3.290 NAN
2025 05 12 02 49 01 20.150 3.290 NAN
2025 05 12 02 50 01 20.170 3.300 NAN
2025 05 12 02 51 00 20.180 3.280 NAN
2025 05 12 02 52 03 20.190 3.270 NAN
2025 05 12 02 53 00 20.200 3.290 NAN
2025 05 12 02 54 01 20.200 3.270 NAN
2025 05 12 02 55 00 20.190 3.280 NAN
2025 05 12 02 56 01 20.190 3.240 NAN
2025 05 12 02 57 00 20.190 3.250 NAN
2025 05 12 02 58 00 20.190 3.240 NAN
2025 05 12 02 59 01 20.200 3.220 NAN
2025 05 12 03 00 00 20.210 3.210 NAN
2025 05 12 03 01 00 20.220 3.210 NAN
2025 05 12 03 02 01 20.220 3.200 NAN
2025 05 12 03 03 01 20.230 3.200 NAN
2025 05 12 03 04 00 20.240 3.190 NAN
2025 05 12 03 05 00 20.250 3.170 NAN
2025 05 12 03 06 01 20.260 3.180 NAN
2025 05 12 03 07 00 20.270 3.190 NAN
2025 05 12 03 08 01 20.290 3.180 NAN
2025 05 12 03 09 00 20.300 3.170 NAN
2025 05 12 03 10 00 20.310 3.180 NAN
2025 05 12 03 11 01 20.320 3.180 NAN
2025 05 12 03 12 01 20.340 3.160 NAN
2025 05 12 03 13 00 20.350 3.160 NAN
2025 05 12 03 14 01 20.350 3.190 NAN
2025 05 12 03 15 01 20.360 3.170 NAN
2025 05 12 03 16 00 20.360 3.160 NAN
2025 05 12 03 17 00 20.370 3.160 NAN
2025 05 12 03 18 01 20.370 3.180 NAN
2025 05 12 03 19 01 20.370 3.180 NAN
2025 05 12 03 20 01 20.360 3.190 NAN
2025 05 12 03 21 01 20.360 3.200 NAN
2025 05 12 03 22 01 20.340 3.190 NAN
2025 05 12 03 23 00 20.330 3.210 NAN
2025 05 12 03 24 00 20.320 3.180 NAN
2025 05 12 03 25 02 20.300 3.200 NAN
2025 05 12 03 26 00 20.290 3.230 NAN
2025 05 12 03 27 01 20.280 3.220 NAN
2025 05 12 03 28 00 20.280 3.220 NAN
2025 05 12 03 29 00 20.270 3.210 NAN
2025 05 12 03 30 00 20.270 3.210 NAN
2025 05 12 03 31 01 20.280 3.200 NAN
2025 05 12 03 32 00 20.280 3.230 NAN
2025 05 12 03 33 00 20.290 3.200 NAN
2025 05 12 03 34 01 20.300 3.160 NAN
2025 05 12 03 35 00 20.300 3.160 NAN
2025 05 12 03 36 00 20.310 3.150 NAN
2025 05 12 03 37 00 20.310 3.150 NAN
2025 05 12 03 38 00 20.310 3.130 NAN
2025 05 12 03 39 00 20.290 3.130 NAN
2025 05 12 03 40 00 20.270 3.120 NAN
2025 05 12 03 41 01 20.220 3.110 NAN
2025 05 12 03 42 00 20.170 3.120 NAN
2025 05 12 03 43 00 20.100 3.110 NAN
2025 05 12 03 44 00 20.010 3.110 NAN
2025 05 12 03 45 01 19.910 3.130 NAN
2025 05 12 03 46 00 19.830 3.100 NAN
2025 05 12 03 47 00 19.750 3.090 NAN
2025 05 12 03 48 00 19.700 3.110 NAN
2025 05 12 03 49 00 19.690 3.090 NAN
2025 05 12 03 50 00 19.700 3.090 NAN
2025 05 12 03 51 00 19.740 3.070 NAN
2025 05 12 03 52 01 19.800 3.060 NAN
2025 05 12 03 53 00 19.850 3.040 NAN
2025 05 12 03 54 01 19.890 3.040 NAN
2025 05 12 03 55 00 19.930 3.010 NAN
2025 05 12 03 56 01 19.970 3.010 NAN
2025 05 12 03 57 01 20.000 2.980 NAN
2025 05 12 03 58 00 20.030 2.970 NAN
2025 05 12 03 59 00 20.060 2.990 NAN
2025 05 12 04 00 00 20.070 3.000 NAN
2025 05 12 04 01 01 20.080 2.980 NAN
2025 05 12 04 02 00 20.080 2.990 NAN
2025 05 12 04 03 00 20.080 2.980 NAN
2025 05 12 04 04 01 20.060 2.970 NAN
2025 05 12 04 05 01 20.040 3.010 NAN
2025 05 12 04 06 00 20.010 3.000 NAN
2025 05 12 04 07 00 19.970 3.010 NAN
2025 05 12 04 08 00 19.920 3.000 NAN
2025 05 12 04 09 01 19.860 3.020 NAN
2025 05 12 04 10 01 19.790 3.030 NAN
2025 05 12 04 11 00 19.720 3.020 NAN
2025 05 12 04 12 01 19.650 3.010 NAN
2025 05 12 04 13 00 19.570 3.000 NAN
2025 05 12 04 14 01 19.510 3.000 NAN
2025 05 12 04 15 00 19.460 2.990 NAN
2025 05 12 04 16 00 19.420 2.970 NAN
2025 05 12 04 17 01 19.410 2.930 NAN
2025 05 12 04 18 00 19.400 2.940 NAN
2025 05 12 04 19 01 19.400 2.920 NAN
2025 05 12 04 20 00 19.410 2.930 NAN
2025 05 12 04 21 00 19.430 2.910 NAN
2025 05 12 04 22 01 19.450 2.920 NAN
2025 05 12 04 23 01 19.470 2.900 NAN
2025 05 12 04 24 00 19.490 2.900 NAN
2025 05 12 04 25 00 19.500 2.920 NAN
2025 05 12 04 26 01 19.510 2.920 NAN
2025 05 12 04 27 01 19.520 2.920 NAN
2025 05 12 04 28 00 19.530 2.900 NAN
2025 05 12 04 29 01 19.530 2.910 NAN
2025 05 12 04 30 01 19.530 2.910 NAN
2025 05 12 04 31 00 19.520 2.930 NAN
2025 05 12 04 32 01 19.510 2.900 NAN
2025 05 12 04 33 01 19.500 2.890 NAN
2025 05 12 04 34 00 19.490 2.870 NAN
2025 05 12 04 35 01 19.480 2.860 NAN
2025 05 12 04 36 01 19.470 2.850 NAN
2025 05 12 04 37 00 19.460 2.840 NAN
2025 05 12 04 38 01 19.450 2.780 NAN
2025 05 12 04 39 00 19.440 2.780 NAN
2025 05 12 04 40 01 19.430 2.770 NAN
2025 05 12 04 41 00 19.430 2.780 NAN
2025 05 12 04 42 00 19.430 2.770 NAN
2025 05 12 04 43 01 19.420 2.760 NAN
2025 05 12 04 44 01 19.430 2.760 NAN
2025 05 12 04 45 00 19.420 2.760 NAN
2025 05 12 04 46 01 19.420 2.760 NAN
2025 05 12 04 47 00 19.420 2.750 NAN
2025 05 12 04 48 01 19.420 2.760 NAN
2025 05 12 04 49 01 19.420 2.750 NAN
2025 05 12 04 50 01 19.420 2.740 NAN
2025 05 12 04 51 00 19.410 2.730 NAN
2025 05 12 04 52 01 19.410 2.720 NAN
2025 05 12 04 53 00 19.410 2.720 NAN
2025 05 12 04 54 00 19.410 2.700 NAN
2025 05 12 04 55 00 19.410 2.690 NAN
2025 05 12 04 56 01 19.420 2.690 NAN
2025 05 12 04 57 00 19.430 2.680 NAN
2025 05 12 04 58 00 19.440 2.680 NAN
2025 05 12 04 59 01 19.450 2.670 NAN
2025 05 12 05 00 03 19.460 2.670 NAN
2025 05 12 05 01 00 19.480 2.650 NAN
2025 05 12 05 02 00 19.480 2.680 NAN
2025 05 12 05 03 00 19.490 2.670 NAN
2025 05 12 05 04 00 19.500 2.670 NAN
2025 05 12 05 05 03 19.510 2.660 NAN
2025 05 12 05 06 00 19.520 2.680 NAN
2025 05 12 05 07 00 19.540 2.670 NAN
2025 05 12 05 08 00 19.560 2.660 NAN
2025 05 12 05 09 00 19.580 2.660 NAN
2025 05 12 05 10 03 19.590 2.670 NAN
2025 05 12 05 11 00 19.610 2.660 NAN
2025 05 12 05 12 00 19.620 2.630 NAN
2025 05 12 05 13 00 19.630 2.640 NAN
2025 05 12 05 14 00 19.640 2.630 NAN
2025 05 12 05 15 00 19.640 2.620 NAN
2025 05 12 05 16 01 19.650 2.600 NAN
2025 05 12 05 17 02 19.660 2.590 NAN
2025 05 12 05 18 00 19.670 2.580 NAN
2025 05 12 05 19 00 19.670 2.570 NAN
2025 05 12 05 20 00 19.680 2.560 NAN
2025 05 12 05 21 01 19.680 2.550 NAN
2025 05 12 05 22 01 19.690 2.560 NAN
2025 05 12 05 23 00 19.690 2.540 NAN
2025 05 12 05 24 01 19.690 2.530 NAN
2025 05 12 05 25 00 19.680 2.530 NAN
2025 05 12 05 26 03 19.680 2.530 NAN
2025 05 12 05 27 00 19.680 2.510 NAN
2025 05 12 05 28 00 19.670 2.490 NAN
2025 05 12 05 29 02 19.660 2.500 NAN
2025 05 12 05 30 00 19.650 2.480 NAN
2025 05 12 05 31 01 19.640 2.470 NAN
2025 05 12 05 32 01 19.640 2.460 NAN
2025 05 12 05 33 00 19.630 2.450 NAN
2025 05 12 05 34 00 19.620 2.450 NAN
2025 05 12 05 35 00 19.610 2.430 NAN
2025 05 12 05 36 00 19.600 2.420 NAN
2025 05 12 05 37 01 19.600 2.420 NAN
2025 05 12 05 38 00 19.600 2.410 NAN
2025 05 12 05 39 00 19.600 2.400 NAN
2025 05 12 05 40 02 19.590 2.400 NAN
2025 05 12 05 41 01 19.590 2.380 NAN
2025 05 12 05 42 00 19.580 2.380 NAN
2025 05 12 05 43 00 19.580 2.370 NAN
2025 05 12 05 44 00 19.570 2.370 NAN
2025 05 12 05 45 01 19.560 2.360 NAN
2025 05 12 05 46 00 19.540 2.350 NAN
2025 05 12 05 47 00 19.520 2.350 NAN
2025 05 12 05 48 00 19.510 2.350 NAN
2025 05 12 05 49 01 19.490 2.340 NAN
2025 05 12 05 50 00 19.470 2.330 NAN
2025 05 12 05 51 00 19.450 2.340 NAN
2025 05 12 05 52 01 19.440 2.360 NAN
2025 05 12 05 53 00 19.420 2.350 NAN
2025 05 12 05 54 03 19.410 2.350 NAN
2025 05 12 05 55 01 19.410 2.360 NAN
2025 05 12 05 56 00 19.400 2.350 NAN
2025 05 12 05 57 01 19.400 2.340 NAN
2025 05 12 05 58 00 19.420 2.330 NAN
2025 05 12 05 59 01 19.420 2.310 NAN
2025 05 12 06 00 01 19.430 2.300 NAN
2025 05 12 06 01 00 19.450 2.300 NAN
2025 05 12 06 02 00 19.460 2.280 NAN
2025 05 12 06 03 00 19.460 2.270 NAN
2025 05 12 06 04 00 19.480 2.250 NAN
2025 05 12 06 05 00 19.480 2.240 NAN
2025 05 12 06 06 00 19.480 2.230 NAN
2025 05 12 06 07 01 19.490 2.230 NAN
2025 05 12 06 08 01 19.490 2.210 NAN
2025 05 12 06 09 01 19.490 2.200 NAN
2025 05 12 06 10 01 19.490 2.200 NAN
2025 05 12 06 11 00 19.490 2.210 NAN
2025 05 12 06 12 00 19.490 2.220 NAN
2025 05 12 06 13 00 19.490 2.210 NAN
2025 05 12 06 14 00 19.490 2.220 NAN
2025 05 12 06 15 01 19.500 2.210 NAN
2025 05 12 06 16 00 19.530 2.220 NAN
2025 05 12 06 17 00 19.570 2.210 NAN
2025 05 12 06 18 01 19.610 2.190 NAN
2025 05 12 06 19 01 19.640 2.170 NAN
2025 05 12 06 20 01 19.680 2.180 NAN
2025 05 12 06 21 01 19.710 2.160 NAN
2025 05 12 06 22 01 19.730 2.140 NAN
2025 05 12 06 23 01 19.750 2.140 NAN
2025 05 12 06 24 01 19.770 2.100 NAN
2025 05 12 06 25 01 19.780 2.080 NAN
2025 05 12 06 26 00 19.790 2.090 NAN
2025 05 12 06 27 00 19.790 2.070 NAN
2025 05 12 06 28 00 19.790 2.070 NAN
2025 05 12 06 29 00 19.780 2.060 NAN
2025 05 12 06 30 00 19.770 2.060 NAN
2025 05 12 06 31 00 19.750 2.040 NAN
2025 05 12 06 32 00 19.730 2.040 NAN
2025 05 12 06 33 01 19.710 2.060 NAN
2025 05 12 06 34 00 19.700 2.070 NAN
2025 05 12 06 35 00 19.700 2.060 NAN
2025 05 12 06 36 00 19.710 2.040 NAN
2025 05 12 06 37 01 19.730 2.030 NAN
2025 05 12 06 38 01 19.740 2.030 NAN
2025 05 12 06 39 01 19.770 2.040 NAN
2025 05 12 06 40 01 19.800 2.030 NAN
2025 05 12 06 41 00 19.830 2.030 NAN
2025 05 12 06 42 01 19.870 2.010 NAN
2025 05 12 06 43 00 19.900 2.000 NAN
2025 05 12 06 44 01 19.930 1.980 NAN
2025 05 12 06 45 01 19.950 1.970 NAN
2025 05 12 06 46 00 19.970 1.970 NAN
2025 05 12 06 47 01 19.990 1.980 NAN
2025 05 12 06 48 01 20.020 1.970 NAN
2025 05 12 06 49 00 20.050 1.970 NAN
2025 05 12 06 50 00 20.090 1.960 NAN
2025 05 12 06 51 01 20.140 1.920 NAN
2025 05 12 06 52 00 20.170 1.940 NAN
2025 05 12 06 53 00 20.200 1.940 NAN
2025 05 12 06 54 01 20.230 1.950 NAN
2025 05 12 06 55 00 20.270 1.930 NAN
2025 05 12 06 56 00 20.310 1.940 NAN
2025 05 12 06 57 00 20.340 1.940 NAN
2025 05 12 06 58 01 20.370 1.910 NAN
2025 05 12 06 59 01 20.400 1.930 NAN
2025 05 12 07 00 00 20.410 1.930 NAN
2025 05 12 07 01 01 20.420 1.920 NAN
2025 05 12 07 02 00 20.430 1.920 NAN
2025 05 12 07 03 01 20.440 1.960 NAN
2025 05 12 07 04 00 20.450 1.960 NAN
2025 05 12 07 05 00 20.460 1.880 NAN
2025 05 12 07 06 00 20.460 1.840 NAN
2025 05 12 07 07 00 20.470 1.890 NAN
2025 05 12 07 08 00 20.470 1.910 NAN
2025 05 12 07 09 00 20.480 1.870 NAN
2025 05 12 07 10 00 20.480 1.840 NAN
2025 05 12 07 11 00 20.480 1.800 NAN
2025 05 12 07 12 01 20.480 1.760 NAN
2025 05 12 07 13 00 20.480 1.750 NAN
2025 05 12 07 14 00 20.480 1.760 NAN
2025 05 12 07 15 00 20.470 1.790 NAN
2025 05 12 07 16 01 20.470 1.780 NAN
2025 05 12 07 17 02 20.470 1.780 NAN
2025 05 12 07 18 01 20.460 1.740 NAN
2025 05 12 07 19 00 20.460 1.740 NAN
2025 05 12 07 20 00 20.450 1.800 NAN
2025 05 12 07 21 00 20.440 1.810 NAN
2025 05 12 07 22 01 20.440 1.840 NAN
2025 05 12 07 23 03 20.430 1.800 NAN
2025 05 12 07 24 00 20.430 1.790 NAN
2025 05 12 07 25 00 20.420 1.760 NAN
2025 05 12 07 26 00 20.420 1.780 NAN
2025 05 12 07 27 00 20.410 1.790 NAN
2025 05 12 07 28 00 20.410 1.790 NAN
2025 05 12 07 29 01 20.410 1.750 NAN
2025 05 12 07 30 01 20.400 1.740 NAN
2025 05 12 07 31 00 20.400 1.700 NAN
2025 05 12 07 32 00 20.400 1.670 NAN
2025 05 12 07 33 00 20.400 1.680 NAN
2025 05 12 07 34 00 20.400 1.690 NAN
2025 05 12 07 35 00 20.400 1.700 NAN
2025 05 12 07 36 00 20.400 1.660 NAN
2025 05 12 07 37 01 20.400 1.660 NAN
2025 05 12 07 38 01 20.400 1.650 NAN
2025 05 12 07 39 01 20.400 1.640 NAN
2025 05 12 07 40 00 20.400 1.660 NAN
2025 05 12 07 41 00 20.400 1.660 NAN
2025 05 12 07 42 00 20.390 1.650 NAN
2025 05 12 07 43 01 20.390 1.660 NAN
2025 05 12 07 44 01 20.390 1.660 NAN
2025 05 12 07 45 00 20.380 1.650 NAN
2025 05 12 07 46 01 20.380 1.660 NAN
2025 05 12 07 47 00 20.380 1.670 NAN
2025 05 12 07 48 01 20.380 1.660 NAN
2025 05 12 07 49 00 20.380 1.660 NAN
2025 05 12 07 50 00 20.380 1.660 NAN
2025 05 12 07 51 00 20.370 1.670 NAN
2025 05 12 07 52 00 20.360 1.660 NAN
2025 05 12 07 53 01 20.350 1.650 NAN
2025 05 12 07 54 00 20.350 1.670 NAN
2025 05 12 07 55 00 20.350 1.690 NAN
2025 05 12 07 56 00 20.340 1.670 NAN
2025 05 12 07 57 02 20.330 1.650 NAN
2025 05 12 07 58 00 20.330 1.630 NAN
2025 05 12 07 59 00 20.320 1.630 NAN
2025 05 12 08 00 00 20.310 1.630 NAN
2025 05 12 08 01 01 20.310 1.620 NAN
2025 05 12 08 02 00 20.300 1.630 NAN
2025 05 12 08 03 00 20.290 1.620 NAN
2025 05 12 08 04 01 20.280 1.600 NAN
2025 05 12 08 05 01 20.270 1.570 NAN
2025 05 12 08 06 00 20.270 1.570 NAN
2025 05 12 08 07 00 20.260 1.580 NAN
2025 05 12 08 08 00 20.260 1.570 NAN
2025 05 12 08 09 01 20.270 1.570 NAN
2025 05 12 08 10 00 20.280 1.580 NAN
2025 05 12 08 11 01 20.280 1.560 NAN
2025 05 12 08 12 01 20.290 1.570 NAN
2025 05 12 08 13 00 20.290 1.560 NAN
2025 05 12 08 14 01 20.270 1.550 NAN
2025 05 12 08 15 01 20.230 1.560 NAN
2025 05 12 08 16 01 20.200 1.560 NAN
2025 05 12 08 17 00 20.160 1.540 NAN
2025 05 12 08 18 01 20.120 1.550 NAN
2025 05 12 08 19 00 20.090 1.570 NAN
2025 05 12 08 20 01 20.070 1.560 NAN
2025 05 12 08 21 03 20.070 1.560 NAN
2025 05 12 08 22 00 20.070 1.550 NAN
2025 05 12 08 23 01 20.070 1.530 NAN
2025 05 12 08 24 00 20.080 1.530 NAN
2025 05 12 08 25 01 20.090 1.520 NAN
2025 05 12 08 26 00 20.110 1.520 NAN
2025 05 12 08 27 00 20.120 1.530 NAN
2025 05 12 08 28 00 20.140 1.510 NAN
2025 05 12 08 29 01 20.150 1.520 NAN
2025 05 12 08 30 01 20.170 1.510 NAN
2025 05 12 08 31 00 20.190 1.510 NAN
2025 05 12 08 32 01 20.200 1.490 NAN
2025 05 12 08 33 00 20.210 1.490 NAN
2025 05 12 08 34 01 20.230 1.500 NAN
2025 05 12 08 35 00 20.240 1.490 NAN
2025 05 12 08 36 00 20.250 1.490 NAN
2025 05 12 08 37 00 20.270 1.500 NAN
2025 05 12 08 38 00 20.280 1.500 NAN
2025 05 12 08 39 01 20.290 1.490 NAN
2025 05 12 08 40 01 20.300 1.500 NAN
2025 05 12 08 41 00 20.300 1.510 NAN
2025 05 12 08 42 01 20.310 1.530 NAN
2025 05 12 08 43 01 20.310 1.530 NAN
2025 05 12 08 44 01 20.320 1.530 NAN
2025 05 12 08 45 01 20.320 1.540 NAN
2025 05 12 08 46 03 20.330 1.530 NAN
2025 05 12 08 47 00 20.330 1.540 NAN
2025 05 12 08 48 00 20.320 1.530 NAN
2025 05 12 08 49 01 20.320 1.530 NAN
2025 05 12 08 50 00 20.320 1.520 NAN
2025 05 12 08 51 01 20.320 1.510 NAN
2025 05 12 08 52 00 20.320 1.490 NAN
2025 05 12 08 53 00 20.310 1.490 NAN
2025 05 12 08 54 00 20.310 1.480 NAN
2025 05 12 08 55 00 20.300 1.490 NAN
2025 05 12 08 56 01 20.290 1.460 NAN
2025 05 12 08 57 01 20.290 1.460 NAN
2025 05 12 08 58 00 20.270 1.460 NAN
2025 05 12 08 59 01 20.250 1.440 NAN
2025 05 12 09 00 02 20.210 1.440 NAN
2025 05 12 09 01 01 20.180 1.460 NAN
2025 05 12 09 02 01 20.140 1.460 NAN
2025 05 12 09 03 00 20.100 1.460 NAN
2025 05 12 09 04 01 20.050 1.480 NAN
2025 05 12 09 05 00 20.010 1.480 NAN
2025 05 12 09 06 00 19.960 1.480 NAN
2025 05 12 09 07 01 19.900 1.480 NAN
2025 05 12 09 08 00 19.860 1.490 NAN
2025 05 12 09 09 00 19.800 1.500 NAN
2025 05 12 09 10 01 19.750 1.490 NAN
2025 05 12 09 11 01 19.700 1.490 NAN
2025 05 12 09 12 01 19.660 1.480 NAN
2025 05 12 09 13 01 19.630 1.490 NAN
2025 05 12 09 14 01 19.590 1.490 NAN
2025 05 12 09 15 01 19.570 1.480 NAN
2025 05 12 09 16 01 19.550 1.470 NAN
2025 05 12 09 17 00 19.540 1.450 NAN
2025 05 12 09 18 00 19.520 1.440 NAN
2025 05 12 09 19 00 19.510 1.450 NAN
2025 05 12 09 20 00 19.500 1.450 NAN
2025 05 12 09 21 01 19.500 1.430 NAN
2025 05 12 09 22 01 19.490 1.430 NAN
2025 05 12 09 23 00 19.500 1.430 NAN
2025 05 12 09 24 00 19.500 1.440 NAN
2025 05 12 09 25 01 19.500 1.440 NAN
2025 05 12 09 26 01 19.510 1.450 NAN
2025 05 12 09 27 00 19.510 1.450 NAN
2025 05 12 09 28 00 19.510 1.460 NAN
2025 05 12 09 29 00 19.510 1.470 NAN
2025 05 12 09 30 00 19.520 1.490 NAN
2025 05 12 09 31 01 19.530 1.510 NAN
2025 05 12 09 32 00 19.540 1.500 NAN
2025 05 12 09 33 00 19.550 1.510 NAN
2025 05 12 09 34 01 19.560 1.520 NAN
2025 05 12 09 35 00 19.560 1.500 NAN
2025 05 12 09 36 01 19.560 1.500 NAN
2025 05 12 09 37 01 19.550 1.520 NAN
2025 05 12 09 38 01 19.530 1.500 NAN
2025 05 12 09 39 00 19.510 1.510 NAN
2025 05 12 09 40 01 19.490 1.520 NAN
2025 05 12 09 41 01 19.470 1.490 NAN
2025 05 12 09 42 00 19.460 1.480 NAN
2025 05 12 09 43 00 19.440 1.450 NAN
2025 05 12 09 44 01 19.420 1.480 NAN
2025 05 12 09 45 00 19.410 1.460 NAN
2025 05 12 09 46 01 19.390 1.470 NAN
2025 05 12 09 47 00 19.380 1.470 NAN
2025 05 12 09 48 01 19.360 1.460 NAN
2025 05 12 09 49 01 19.350 1.460 NAN
2025 05 12 09 50 01 19.340 1.450 NAN
2025 05 12 09 51 00 19.320 1.460 NAN
2025 05 12 09 52 00 19.310 1.460 NAN
2025 05 12 09 53 00 19.290 1.470 NAN
2025 05 12 09 54 00 19.270 1.490 NAN
2025 05 12 09 55 00 19.250 1.500 NAN
2025 05 12 09 56 00 19.230 1.480 NAN
2025 05 12 09 57 01 19.210 1.480 NAN
2025 05 12 09 58 00 19.190 1.490 NAN
2025 05 12 09 59 00 19.160 1.500 NAN
2025 05 12 10 00 01 19.140 1.500 NAN
2025 05 12 10 01 01 19.100 1.500 NAN
2025 05 12 10 02 00 19.070 1.500 NAN
2025 05 12 10 03 00 19.030 1.500 NAN
2025 05 12 10 04 01 18.990 1.510 NAN
2025 05 12 10 05 01 18.940 1.510 NAN
2025 05 12 10 06 00 18.900 1.520 NAN
2025 05 12 10 07 01 18.840 1.510 NAN
2025 05 12 10 08 01 18.780 1.510 NAN
2025 05 12 10 09 01 18.730 1.520 NAN
2025 05 12 10 10 01 18.670 1.530 NAN
2025 05 12 10 11 00 18.610 1.540 NAN
2025 05 12 10 12 00 18.560 1.540 NAN
2025 05 12 10 13 00 18.510 1.560 NAN
2025 05 12 10 14 01 18.450 1.540 NAN
2025 05 12 10 15 00 18.390 1.540 NAN
2025 05 12 10 16 01 18.320 1.560 NAN
2025 05 12 10 17 00 18.260 1.580 NAN
2025 05 12 10 18 02 18.210 1.580 NAN
2025 05 12 10 19 01 18.150 1.580 NAN
2025 05 12 10 20 01 18.100 1.580 NAN
2025 05 12 10 21 01 18.050 1.570 NAN
2025 05 12 10 22 00 18.010 1.570 NAN
2025 05 12 10 23 01 17.960 1.580 NAN
2025 05 12 10 24 01 17.930 1.580 NAN
2025 05 12 10 25 02 17.910 1.560 NAN
2025 05 12 10 26 00 17.890 1.570 NAN
2025 05 12 10 27 00 17.870 1.570 NAN
2025 05 12 10 28 00 17.850 1.550 NAN
2025 05 12 10 29 01 17.840 1.570 NAN
2025 05 12 10 30 00 17.810 1.590 NAN
2025 05 12 10 31 01 17.790 1.580 NAN
2025 05 12 10 32 00 17.770 1.590 NAN
2025 05 12 10 33 01 17.750 1.580 NAN
2025 05 12 10 34 01 17.730 1.600 NAN
2025 05 12 10 35 00 17.720 1.600 NAN
2025 05 12 10 36 00 17.720 1.610 NAN
2025 05 12 10 37 00 17.740 1.600 NAN
2025 05 12 10 38 01 17.790 1.610 NAN
2025 05 12 10 39 00 17.860 1.610 NAN
2025 05 12 10 40 00 17.930 1.620 NAN
2025 05 12 10 41 00 18.010 1.640 NAN
2025 05 12 10 42 00 18.070 1.650 NAN
2025 05 12 10 43 01 18.130 1.650 NAN
2025 05 12 10 44 01 18.190 1.650 NAN
2025 05 12 10 45 01 18.220 1.650 NAN
2025 05 12 10 46 01 18.250 1.660 NAN
2025 05 12 10 47 01 18.270 1.650 NAN
2025 05 12 10 48 01 18.290 1.640 NAN
2025 05 12 10 49 00 18.310 1.640 NAN
2025 05 12 10 50 00 18.320 1.640 NAN
2025 05 12 10 51 00 18.330 1.630 NAN
2025 05 12 10 52 02 18.340 1.630 NAN
2025 05 12 10 53 01 18.340 1.620 NAN
2025 05 12 10 54 00 18.350 1.620 NAN
2025 05 12 10 55 00 18.350 1.620 NAN
2025 05 12 10 56 00 18.360 1.650 NAN
2025 05 12 10 57 02 18.360 1.650 NAN
2025 05 12 10 58 00 18.360 1.660 NAN
2025 05 12 10 59 01 18.360 1.670 NAN
2025 05 12 11 00 01 18.360 1.680 NAN
2025 05 12 11 01 00 18.350 1.680 NAN
2025 05 12 11 02 00 18.350 1.680 NAN
2025 05 12 11 03 01 18.350 1.690 NAN
2025 05 12 11 04 00 18.350 1.700 NAN
2025 05 12 11 05 01 18.350 1.720 NAN
2025 05 12 11 06 01 18.340 1.740 NAN
2025 05 12 11 07 00 18.330 1.730 NAN
2025 05 12 11 08 00 18.320 1.720 NAN
2025 05 12 11 09 00 18.310 1.730 NAN
2025 05 12 11 10 00 18.290 1.730 NAN
2025 05 12 11 11 01 18.280 1.730 NAN
2025 05 12 11 12 01 18.270 1.730 NAN
2025 05 12 11 13 00 18.260 1.730 NAN
2025 05 12 11 14 00 18.250 1.720 NAN
2025 05 12 11 15 00 18.230 1.730 NAN
2025 05 12 11 16 00 18.220 1.750 NAN
2025 05 12 11 17 00 18.210 1.730 NAN
2025 05 12 11 18 00 18.200 1.720 NAN
2025 05 12 11 19 00 18.200 1.750 NAN
2025 05 12 11 20 00 18.200 1.780 NAN
2025 05 12 11 21 00 18.200 1.760 NAN
2025 05 12 11 22 01 18.210 1.750 NAN
2025 05 12 11 23 00 18.210 1.760 NAN
2025 05 12 11 24 00 18.220 1.770 NAN
2025 05 12 11 25 00 18.220 1.760 NAN
2025 05 12 11 26 00 18.230 1.780 NAN
2025 05 12 11 27 00 18.220 1.800 NAN
2025 05 12 11 28 00 18.220 1.790 NAN
2025 05 12 11 29 00 18.210 1.800 NAN
2025 05 12 11 30 01 18.190 1.810 NAN
2025 05 12 11 31 00 18.180 1.830 NAN
2025 05 12 11 32 00 18.150 1.840 NAN
2025 05 12 11 33 00 18.120 1.870 NAN
2025 05 12 11 34 00 18.080 1.870 NAN
2025 05 12 11 35 01 18.050 1.870 NAN
2025 05 12 11 36 00 18.010 1.890 NAN
2025 05 12 11 37 00 17.960 1.890 NAN
2025 05 12 11 38 00 17.900 1.890 NAN
2025 05 12 11 39 00 17.850 1.890 NAN
2025 05 12 11 40 00 17.790 1.900 NAN
2025 05 12 11 41 00 17.730 1.910 NAN
2025 05 12 11 42 00 17.670 1.920 NAN
2025 05 12 11 43 00 17.630 1.910 NAN
2025 05 12 11 44 01 17.600 1.890 NAN
2025 05 12 11 45 00 17.580 1.890 NAN
2025 05 12 11 46 01 17.560 1.890 NAN
2025 05 12 11 47 00 17.550 1.880 NAN
2025 05 12 11 48 00 17.550 1.860 NAN
2025 05 12 11 49 00 17.540 1.870 NAN
2025 05 12 11 50 01 17.540 1.870 NAN
2025 05 12 11 51 00 17.530 1.850 NAN
2025 05 12 11 52 01 17.530 1.860 NAN
2025 05 12 11 53 01 17.540 1.870 NAN
2025 05 12 11 54 00 17.550 1.860 NAN
2025 05 12 11 55 01 17.560 1.890 NAN
2025 05 12 11 56 01 17.560 1.890 NAN
2025 05 12 11 57 01 17.570 1.900 NAN
2025 05 12 11 58 00 17.570 1.960 NAN
2025 05 12 11 59 00 17.570 1.960 NAN
2025 05 12 12 00 01 17.580 1.980 NAN
2025 05 12 12 01 01 17.570 2.000 NAN
2025 05 12 12 02 00 17.570 1.990 NAN
2025 05 12 12 03 00 17.570 2.020 NAN
2025 05 12 12 04 00 17.570 2.040 NAN
2025 05 12 12 05 01 17.570 2.030 NAN
2025 05 12 12 06 01 17.570 2.030 NAN
2025 05 12 12 07 00 17.570 2.030 NAN
2025 05 12 12 08 00 17.570 2.030 NAN
2025 05 12 12 09 01 17.580 2.010 NAN
2025 05 12 12 10 00 17.580 2.020 NAN
2025 05 12 12 11 01 17.590 2.010 NAN
2025 05 12 12 12 00 17.590 2.010 NAN
2025 05 12 12 13 00 17.580 2.000 NAN
2025 05 12 12 14 00 17.590 1.990 NAN
2025 05 12 12 15 01 17.590 1.980 NAN
2025 05 12 12 16 00 17.600 1.990 NAN
2025 05 12 12 17 01 17.600 2.020 NAN
2025 05 12 12 18 01 17.600 2.020 NAN
2025 05 12 12 19 01 17.600 2.010 NAN
2025 05 12 12 20 00 17.610 2.030 NAN
2025 05 12 12 21 00 17.610 2.050 NAN
2025 05 12 12 22 00 17.610 2.070 NAN
2025 05 12 12 23 03 17.620 2.100 NAN
2025 05 12 12 24 01 17.620 2.100 NAN
2025 05 12 12 25 01 17.630 2.110 NAN
2025 05 12 12 26 01 17.630 2.130 NAN
2025 05 12 12 27 01 17.640 2.150 NAN
2025 05 12 12 28 03 17.650 2.140 NAN
2025 05 12 12 29 01 17.660 2.150 NAN
2025 05 12 12 30 01 17.660 2.160 NAN
2025 05 12 12 31 01 17.670 2.140 NAN
2025 05 12 12 32 00 17.680 2.140 NAN
2025 05 12 12 33 01 17.690 2.140 NAN
2025 05 12 12 34 00 17.700 2.130 NAN
2025 05 12 12 35 00 17.710 2.150 NAN
2025 05 12 12 36 01 17.730 2.110 NAN
2025 05 12 12 37 00 17.750 2.090 NAN
2025 05 12 12 38 01 17.790 2.100 NAN
2025 05 12 12 39 01 17.820 2.110 NAN
2025 05 12 12 40 00 17.860 2.110 NAN
2025 05 12 12 41 01 17.900 2.100 NAN
2025 05 12 12 42 01 17.960 2.110 NAN
2025 05 12 12 43 00 18.040 2.120 NAN
2025 05 12 12 44 00 18.130 2.130 NAN
2025 05 12 12 45 00 18.250 2.140 NAN
2025 05 12 12 46 01 18.360 2.150 NAN
2025 05 12 12 47 01 18.480 2.160 NAN
2025 05 12 12 48 00 18.600 2.220 NAN
2025 05 12 12 49 01 18.700 2.210 NAN
2025 05 12 12 50 00 18.780 2.200 NAN
2025 05 12 12 51 01 18.840 2.220 NAN
2025 05 12 12 52 01 18.900 2.240 NAN
2025 05 12 12 53 00 18.940 2.240 NAN
2025 05 12 12 54 00 18.980 2.260 NAN
2025 05 12 12 55 00 19.010 2.240 NAN
2025 05 12 12 56 01 19.040 2.250 NAN
2025 05 12 12 57 00 19.060 2.280 NAN
2025 05 12 12 58 00 19.080 2.270 NAN
2025 05 12 12 59 00 19.110 2.270 NAN
2025 05 12 13 00 00 19.120 2.270 NAN
2025 05 12 13 01 00 19.140 2.280 NAN
2025 05 12 13 02 01 19.160 2.270 NAN
2025 05 12 13 03 00 19.170 2.250 NAN
2025 05 12 13 04 00 19.180 2.270 NAN
2025 05 12 13 05 00 19.200 2.280 NAN
2025 05 12 13 06 00 19.210 2.250 NAN
2025 05 12 13 07 01 19.210 2.270 NAN
2025 05 12 13 08 00 19.220 2.260 NAN
2025 05 12 13 09 00 19.230 2.270 NAN
2025 05 12 13 10 01 19.230 2.270 NAN
2025 05 12 13 11 03 19.230 2.280 NAN
2025 05 12 13 12 01 19.230 2.260 NAN
2025 05 12 13 13 00 19.240 2.290 NAN
2025 05 12 13 14 00 19.240 2.310 NAN
2025 05 12 13 15 01 19.240 2.320 NAN
2025 05 12 13 16 00 19.240 2.350 NAN
2025 05 12 13 17 00 19.240 2.360 NAN
2025 05 12 13 18 01 19.240 2.350 NAN
2025 05 12 13 19 01 19.250 2.370 NAN
2025 05 12 13 20 00 19.250 2.390 NAN
2025 05 12 13 21 01 19.250 2.390 NAN
2025 05 12 13 22 00 19.250 2.390 NAN
2025 05 12 13 23 01 19.250 2.390 NAN
2025 05 12 13 24 00 19.260 2.400 NAN
2025 05 12 13 25 00 19.260 2.420 NAN
2025 05 12 13 26 01 19.260 2.400 NAN
2025 05 12 13 27 01 19.270 2.380 NAN
2025 05 12 13 28 00 19.270 2.380 NAN
2025 05 12 13 29 01 19.270 2.380 NAN
2025 05 12 13 30 00 19.280 2.350 NAN
2025 05 12 13 31 01 19.280 2.350 NAN
2025 05 12 13 32 01 19.280 2.370 NAN
2025 05 12 13 33 01 19.280 2.340 NAN
2025 05 12 13 34 00 19.290 2.340 NAN
2025 05 12 13 35 00 19.300 2.350 NAN
2025 05 12 13 36 01 19.310 2.340 NAN
2025 05 12 13 37 01 19.320 2.360 NAN
2025 05 12 13 38 01 19.330 2.380 NAN
2025 05 12 13 39 01 19.340 2.370 NAN
2025 05 12 13 40 01 19.350 2.380 NAN
2025 05 12 13 41 01 19.360 2.410 NAN
2025 05 12 13 42 01 19.370 2.430 NAN
2025 05 12 13 43 00 19.390 2.460 NAN
2025 05 12 13 44 00 19.400 2.470 NAN
2025 05 12 13 45 01 19.400 2.500 NAN
2025 05 12 13 46 00 19.410 2.490 NAN
2025 05 12 13 47 01 19.410 2.500 NAN
2025 05 12 13 48 00 19.420 2.520 NAN
2025 05 12 13 49 00 19.420 2.530 NAN
2025 05 12 13 50 01 19.430 2.510 NAN
2025 05 12 13 51 00 19.440 2.520 NAN
2025 05 12 13 52 00 19.440 2.520 NAN
2025 05 12 13 53 00 19.450 2.510 NAN
2025 05 12 13 54 01 19.460 2.500 NAN
2025 05 12 13 55 01 19.470 2.500 NAN
2025 05 12 13 56 00 19.470 2.490 NAN
2025 05 12 13 57 01 19.480 2.480 NAN
2025 05 12 13 58 00 19.490 2.500 NAN
2025 05 12 13 59 00 19.500 2.470 NAN
2025 05 12 14 00 00 19.510 2.470 NAN
2025 05 12 14 01 00 19.520 2.480 NAN
2025 05 12 14 02 01 19.530 2.490 NAN
2025 05 12 14 03 00 19.530 2.480 NAN
2025 05 12 14 04 00 19.550 2.500 NAN
2025 05 12 14 05 00 19.550 2.480 NAN
2025 05 12 14 06 01 19.560 2.490 NAN
2025 05 12 14 07 01 19.570 2.510 NAN
2025 05 12 14 08 00 19.580 2.510 NAN
2025 05 12 14 09 00 19.590 2.520 NAN
2025 05 12 14 10 00 19.600 2.530 NAN
2025 05 12 14 11 00 19.610 2.520 NAN
2025 05 12 14 12 00 19.610 2.530 NAN
2025 05 12 14 13 01 19.620 2.560 NAN
2025 05 12 14 14 00 19.630 2.540 NAN
2025 05 12 14 15 00 19.630 2.560 NAN
2025 05 12 14 16 01 19.640 2.550 NAN
2025 05 12 14 17 00 19.650 2.550 NAN
2025 05 12 14 18 00 19.660 2.550 NAN
2025 05 12 14 19 00 19.660 2.550 NAN
2025 05 12 14 20 01 19.670 2.520 NAN
2025 05 12 14 21 00 19.680 2.550 NAN
2025 05 12 14 22 00 19.690 2.560 NAN
2025 05 12 14 23 00 19.690 2.530 NAN
2025 05 12 14 24 01 19.700 2.530 NAN
2025 05 12 14 25 00 19.700 2.560 NAN
2025 05 12 14 26 01 19.710 2.570 NAN
2025 05 12 14 27 00 19.720 2.530 NAN
2025 05 12 14 28 01 19.730 2.560 NAN
2025 05 12 14 29 02 19.740 2.560 NAN
2025 05 12 14 30 01 19.750 2.560 NAN
2025 05 12 14 31 00 19.760 2.540 NAN
2025 05 12 14 32 01 19.770 2.550 NAN
2025 05 12 14 33 00 19.780 2.570 NAN
2025 05 12 14 34 00 19.790 2.580 NAN
2025 05 12 14 35 00 19.800 2.590 NAN
2025 05 12 14 36 01 19.810 2.610 NAN
2025 05 12 14 37 01 19.820 2.580 NAN
2025 05 12 14 38 01 19.830 2.610 NAN
2025 05 12 14 39 00 19.840 2.640 NAN
2025 05 12 14 40 00 19.850 2.640 NAN
2025 05 12 14 41 01 19.850 2.660 NAN
2025 05 12 14 42 00 19.860 2.630 NAN
2025 05 12 14 43 01 19.860 2.630 NAN
2025 05 12 14 44 00 19.870 2.650 NAN
2025 05 12 14 45 00 19.880 2.650 NAN
2025 05 12 14 46 00 19.880 2.630 NAN
2025 05 12 14 47 01 19.890 2.640 NAN
2025 05 12 14 48 00 19.900 2.650 NAN
2025 05 12 14 49 00 19.910 2.630 NAN
2025 05 12 14 50 00 19.910 2.640 NAN
2025 05 12 14 51 00 19.920 2.620 NAN
2025 05 12 14 52 00 19.930 2.620 NAN
2025 05 12 14 53 00 19.930 2.610 NAN
2025 05 12 14 54 01 19.940 2.610 NAN
2025 05 12 14 55 00 19.940 2.620 NAN
2025 05 12 14 56 01 19.950 2.620 NAN
2025 05 12 14 57 02 19.950 2.620 NAN
2025 05 12 14 58 01 19.960 2.630 NAN
2025 05 12 14 59 00 19.960 2.660 NAN
2025 05 12 15 00 00 19.970 2.640 NAN
2025 05 12 15 01 01 19.970 2.650 NAN
2025 05 12 15 02 02 19.980 2.680 NAN
2025 05 12 15 03 01 19.980 2.650 NAN
2025 05 12 15 04 00 19.980 2.640 NAN
2025 05 12 15 05 03 19.990 2.650 NAN
2025 05 12 15 06 00 20.000 2.640 NAN
2025 05 12 15 07 01 20.000 2.640 NAN
2025 05 12 15 08 01 20.010 2.630 NAN
2025 05 12 15 09 01 20.020 2.620 NAN
2025 05 12 15 10 01 20.020 2.590 NAN
2025 05 12 15 11 00 20.020 2.610 NAN
2025 05 12 15 12 01 20.030 2.620 NAN
2025 05 12 15 13 01 20.030 2.580 NAN
2025 05 12 15 14 00 20.040 2.570 NAN
2025 05 12 15 15 01 20.050 2.620 NAN
2025 05 12 15 16 00 20.060 2.620 NAN
2025 05 12 15 17 01 20.060 2.600 NAN
2025 05 12 15 18 00 20.060 2.590 NAN
2025 05 12 15 19 00 20.070 2.620 NAN
2025 05 12 15 20 01 20.080 2.620 NAN
2025 05 12 15 21 00 20.080 2.630 NAN
2025 05 12 15 22 00 20.090 2.630 NAN
2025 05 12 15 23 01 20.090 2.630 NAN
2025 05 12 15 24 00 20.100 2.660 NAN
2025 05 12 15 25 00 20.100 2.670 NAN
2025 05 12 15 26 00 20.110 2.670 NAN
2025 05 12 15 27 00 20.110 2.660 NAN
2025 05 12 15 28 01 20.120 2.690 NAN
2025 05 12 15 29 00 20.120 2.670 NAN
2025 05 12 15 30 00 20.130 2.670 NAN
2025 05 12 15 31 01 20.140 2.660 NAN
2025 05 12 15 32 03 20.150 2.680 NAN
2025 05 12 15 33 00 20.150 2.620 NAN
2025 05 12 15 34 00 20.160 2.630 NAN
2025 05 12 15 35 00 20.160 2.640 NAN
2025 05 12 15 36 01 20.170 2.640 NAN
2025 05 12 15 37 00 20.180 2.600 NAN
2025 05 12 15 38 00 20.180 2.620 NAN
2025 05 12 15 39 01 20.190 2.610 NAN
2025 05 12 15 40 00 20.200 2.600 NAN
2025 05 12 15 41 00 20.210 2.590 NAN
2025 05 12 15 42 02 20.220 2.620 NAN
2025 05 12 15 43 01 20.230 2.560 NAN
2025 05 12 15 44 00 20.240 2.590 NAN
2025 05 12 15 45 01 20.260 2.630 NAN
2025 05 12 15 46 00 20.270 2.620 NAN
2025 05 12 15 47 01 20.290 2.590 NAN
2025 05 12 15 48 01 20.300 2.610 NAN
2025 05 12 15 49 01 20.310 2.630 NAN
2025 05 12 15 50 00 20.330 2.630 NAN
2025 05 12 15 51 00 20.340 2.650 NAN
2025 05 12 15 52 01 20.350 2.630 NAN
2025 05 12 15 53 00 20.360 2.620 NAN
2025 05 12 15 54 01 20.360 2.650 NAN
2025 05 12 15 55 00 20.370 2.640 NAN
2025 05 12 15 56 00 20.370 2.630 NAN
2025 05 12 15 57 00 20.380 2.640 NAN
2025 05 12 15 58 01 20.380 2.630 NAN
2025 05 12 15 59 00 20.380 2.630 NAN
2025 05 12 16 00 00 20.380 2.620 NAN
2025 05 12 16 01 01 20.380 2.630 NAN
2025 05 12 16 02 01 20.380 2.630 NAN
2025 05 12 16 03 00 20.390 2.620 NAN
2025 05 12 16 04 00 20.380 2.630 NAN
2025 05 12 16 05 00 20.380 2.640 NAN
2025 05 12 16 06 00 20.380 2.610 NAN
2025 05 12 16 07 03 20.380 2.630 NAN
2025 05 12 16 08 00 20.380 2.610 NAN
2025 05 12 16 09 00 20.380 2.610 NAN
2025 05 12 16 10 00 20.370 2.610 NAN
2025 05 12 16 11 00 20.370 2.640 NAN
2025 05 12 16 12 01 20.370 2.620 NAN
2025 05 12 16 13 00 20.360 2.600 NAN
2025 05 12 16 14 01 20.350 2.610 NAN
2025 05 12 16 15 01 20.350 2.610 NAN
2025 05 12 16 16 01 20.340 2.600 NAN
2025 05 12 16 17 00 20.330 2.610 NAN
2025 05 12 16 18 01 20.320 2.590 NAN
2025 05 12 16 19 00 20.310 2.610 NAN
2025 05 12 16 20 00 20.300 2.610 NAN
2025 05 12 16 21 01 20.300 2.600 NAN
2025 05 12 16 22 00 20.280 2.600 NAN
2025 05 12 16 23 01 20.270 2.570 NAN
2025 05 12 16 24 01 20.260 2.610 NAN
2025 05 12 16 25 00 20.250 2.560 NAN
2025 05 12 16 26 01 20.240 2.550 NAN
2025 05 12 16 27 01 20.230 2.560 NAN
2025 05 12 16 28 00 20.220 2.570 NAN
2025 05 12 16 29 00 20.220 2.580 NAN
2025 05 12 16 30 02 20.210 2.570 NAN
2025 05 12 16 31 02 20.210 2.570 NAN
2025 05 12 16 32 01 20.210 2.560 NAN
2025 05 12 16 33 00 20.200 2.560 NAN
2025 05 12 16 34 00 20.200 2.570 NAN
2025 05 12 16 35 00 20.200 2.570 NAN
2025 05 12 16 36 00 20.210 2.540 NAN
2025 05 12 16 37 00 20.220 2.560 NAN
2025 05 12 16 38 01 20.230 2.530 NAN
2025 05 12 16 39 01 20.240 2.590 NAN
2025 05 12 16 40 01 20.250 2.550 NAN
2025 05 12 16 41 03 20.260 2.540 NAN
2025 05 12 16 42 00 20.280 2.530 NAN
2025 05 12 16 43 01 20.290 2.550 NAN
2025 05 12 16 44 00 20.300 2.530 NAN
2025 05 12 16 45 00 20.320 2.530 NAN
2025 05 12 16 46 00 20.330 2.550 NAN
2025 05 12 16 47 00 20.340 2.550 NAN
2025 05 12 16 48 01 20.360 2.570 NAN
2025 05 12 16 49 01 20.370 2.570 NAN
2025 05 12 16 50 01 20.380 2.550 NAN
2025 05 12 16 51 00 20.390 2.550 NAN
2025 05 12 16 52 00 20.400 2.620 NAN
2025 05 12 16 53 01 20.400 2.580 NAN
2025 05 12 16 54 00 20.400 2.580 NAN
2025 05 12 16 55 03 20.410 2.570 NAN
2025 05 12 16 56 01 20.410 2.540 NAN
2025 05 12 16 57 01 20.420 2.550 NAN
2025 05 12 16 58 00 20.420 2.570 NAN
2025 05 12 16 59 01 20.420 2.560 NAN
2025 05 12 17 00 01 20.430 2.540 NAN
2025 05 12 17 01 00 20.440 2.520 NAN
2025 05 12 17 02 00 20.440 2.510 NAN
2025 05 12 17 03 01 20.450 2.500 NAN
2025 05 12 17 04 01 20.450 2.520 NAN
2025 05 12 17 05 00 20.450 2.510 NAN
2025 05 12 17 06 01 20.460 2.490 NAN
2025 05 12 17 07 00 20.460 2.520 NAN
2025 05 12 17 08 01 20.460 2.510 NAN
2025 05 12 17 09 00 20.460 2.510 NAN
2025 05 12 17 10 00 20.460 2.530 NAN
2025 05 12 17 11 01 20.470 2.540 NAN
2025 05 12 17 12 00 20.470 2.550 NAN
2025 05 12 17 13 01 20.470 2.540 NAN
2025 05 12 17 14 00 20.470 2.500 NAN
2025 05 12 17 15 00 20.480 2.530 NAN
2025 05 12 17 16 01 20.480 2.530 NAN
2025 05 12 17 17 00 20.490 2.540 NAN
2025 05 12 17 18 00 20.500 2.500 NAN
2025 05 12 17 19 01 20.510 2.490 NAN
2025 05 12 17 20 00 20.510 2.490 NAN
2025 05 12 17 21 00 20.530 2.460 NAN
2025 05 12 17 22 01 20.540 2.470 NAN
2025 05 12 17 23 00 20.550 2.460 NAN
2025 05 12 17 24 00 20.570 2.400 NAN
2025 05 12 17 25 01 20.580 2.380 NAN
2025 05 12 17 26 00 20.590 2.400 NAN
2025 05 12 17 27 01 20.600 2.420 NAN
2025 05 12 17 28 00 20.620 2.380 NAN
2025 05 12 17 29 01 20.620 2.380 NAN
2025 05 12 17 30 00 20.630 2.370 NAN
2025 05 12 17 31 00 20.630 2.400 NAN
2025 05 12 17 32 00 20.630 2.400 NAN
2025 05 12 17 33 00 20.640 2.420 NAN
2025 05 12 17 34 01 20.640 2.440 NAN
2025 05 12 17 35 00 20.640 2.460 NAN
2025 05 12 17 36 00 20.640 2.450 NAN
2025 05 12 17 37 00 20.650 2.440 NAN
2025 05 12 17 38 02 20.660 2.490 NAN
2025 05 12 17 39 02 20.680 2.500 NAN
2025 05 12 17 40 00 20.700 2.480 NAN
2025 05 12 17 41 00 20.720 2.480 NAN
2025 05 12 17 42 01 20.730 2.480 NAN
2025 05 12 17 43 00 20.750 2.490 NAN
2025 05 12 17 44 01 20.750 2.460 NAN
2025 05 12 17 45 00 20.760 2.460 NAN
2025 05 12 17 46 01 20.760 2.450 NAN
2025 05 12 17 47 00 20.760 2.440 NAN
2025 05 12 17 48 00 20.760 2.410 NAN
2025 05 12 17 49 00 20.750 2.410 NAN
2025 05 12 17 50 00 20.740 2.400 NAN
2025 05 12 17 51 01 20.740 2.390 NAN
2025 05 12 17 52 02 20.720 2.400 NAN
2025 05 12 17 53 01 20.710 2.400 NAN
2025 05 12 17 54 01 20.700 2.380 NAN
2025 05 12 17 55 00 20.690 2.330 NAN
2025 05 12 17 56 00 20.680 2.380 NAN
2025 05 12 17 57 01 20.680 2.380 NAN
2025 05 12 17 58 02 20.670 2.360 NAN
2025 05 12 17 59 01 20.670 2.360 NAN
2025 05 12 18 00 00 20.670 2.360 NAN
2025 05 12 18 01 02 20.670 2.350 NAN
2025 05 12 18 02 00 20.670 2.360 NAN
2025 05 12 18 03 01 20.670 2.370 NAN
2025 05 12 18 04 00 20.670 2.350 NAN
2025 05 12 18 05 00 20.660 2.340 NAN
2025 05 12 18 06 00 20.660 2.350 NAN
2025 05 12 18 07 01 20.660 2.340 NAN
2025 05 12 18 08 01 20.660 2.330 NAN
2025 05 12 18 09 00 20.660 2.350 NAN
2025 05 12 18 10 01 20.660 2.330 NAN
2025 05 12 18 11 00 20.650 2.360 NAN
2025 05 12 18 12 01 20.640 2.330 NAN
2025 05 12 18 13 01 20.640 2.320 NAN
2025 05 12 18 14 00 20.640 2.350 NAN
2025 05 12 18 15 01 20.630 2.330 NAN
2025 05 12 18 16 00 20.630 2.360 NAN
2025 05 12 18 17 01 20.630 2.370 NAN
2025 05 12 18 18 00 20.630 2.350 NAN
2025 05 12 18 19 00 20.630 2.370 NAN
2025 05 12 18 20 00 20.630 2.320 NAN
2025 05 12 18 21 01 20.620 2.340 NAN
2025 05 12 18 22 00 20.630 2.310 NAN
2025 05 12 18 23 00 20.620 2.330 NAN
2025 05 12 18 24 01 20.630 2.310 NAN
2025 05 12 18 25 01 20.620 2.270 NAN
2025 05 12 18 26 01 20.620 2.240 NAN
2025 05 12 18 27 00 20.630 2.270 NAN
2025 05 12 18 28 01 20.630 2.250 NAN
2025 05 12 18 29 00 20.630 2.260 NAN
2025 05 12 18 30 00 20.640 2.260 NAN
2025 05 12 18 31 00 20.630 2.230 NAN
2025 05 12 18 32 01 20.630 2.260 NAN
2025 05 12 18 33 01 20.640 2.280 NAN
2025 05 12 18 34 01 20.640 2.290 NAN
2025 05 12 18 35 01 20.640 2.270 NAN
2025 05 12 18 36 00 20.640 2.280 NAN
2025 05 12 18 37 01 20.640 2.330 NAN
2025 05 12 18 38 03 20.640 2.310 NAN
2025 05 12 18 39 00 20.640 2.320 NAN
2025 05 12 18 40 00 20.640 2.300 NAN
2025 05 12 18 41 01 20.640 2.310 NAN
2025 05 12 18 42 01 20.640 2.300 NAN
2025 05 12 18 43 03 20.640 2.320 NAN
2025 05 12 18 44 01 20.630 2.290 NAN
2025 05 12 18 45 00 20.630 2.260 NAN
2025 05 12 18 46 01 20.640 2.230 NAN
2025 05 12 18 47 01 20.640 2.240 NAN
2025 05 12 18 48 01 20.640 2.220 NAN
2025 05 12 18 49 00 20.640 2.180 NAN
2025 05 12 18 50 01 20.650 2.220 NAN
2025 05 12 18 51 01 20.650 2.190 NAN
2025 05 12 18 52 00 20.650 2.180 NAN
2025 05 12 18 53 00 20.660 2.210 NAN
2025 05 12 18 54 01 20.660 2.200 NAN
2025 05 12 18 55 00 20.670 2.190 NAN
2025 05 12 18 56 00 20.680 2.210 NAN
2025 05 12 18 57 01 20.680 2.230 NAN
2025 05 12 18 58 01 20.680 2.220 NAN
2025 05 12 18 59 00 20.680 2.220 NAN
2025 05 12 19 00 01 20.670 2.230 NAN
2025 05 12 19 01 01 20.670 2.240 NAN
2025 05 12 19 02 01 20.670 2.240 NAN
2025 05 12 19 03 02 20.670 2.240 NAN
2025 05 12 19 04 01 20.660 2.210 NAN
2025 05 12 19 05 03 20.660 2.200 NAN
2025 05 12 19 06 00 20.660 2.210 NAN
2025 05 12 19 07 01 20.650 2.190 NAN
2025 05 12 19 08 01 20.660 2.200 NAN
2025 05 12 19 09 00 20.660 2.170 NAN
2025 05 12 19 10 01 20.660 2.190 NAN
2025 05 12 19 11 00 20.660 2.180 NAN
2025 05 12 19 12 00 20.660 2.180 NAN
2025 05 12 19 13 00 20.670 2.180 NAN
2025 05 12 19 14 01 20.670 2.190 NAN
2025 05 12 19 15 00 20.680 2.200 NAN
2025 05 12 19 16 01 20.680 2.190 NAN
2025 05 12 19 17 00 20.690 2.200 NAN
2025 05 12 19 18 00 20.690 2.190 NAN
2025 05 12 19 19 00 20.700 2.200 NAN
2025 05 12 19 20 01 20.710 2.190 NAN
2025 05 12 19 21 00 20.730 2.190 NAN
2025 05 12 19 22 00 20.740 2.190 NAN
2025 05 12 19 23 01 20.750 2.160 NAN
2025 05 12 19 24 00 20.760 2.160 NAN
2025 05 12 19 25 01 20.770 2.150 NAN
2025 05 12 19 26 00 20.770 2.140 NAN
2025 05 12 19 27 01 20.790 2.170 NAN
2025 05 12 19 28 00 20.790 2.130 NAN
2025 05 12 19 29 01 20.810 2.140 NAN
2025 05 12 19 30 00 20.820 2.140 NAN
2025 05 12 19 31 01 20.830 2.120 NAN
2025 05 12 19 32 01 20.850 2.170 NAN
2025 05 12 19 33 00 20.860 2.140 NAN
2025 05 12 19 34 00 20.870 2.160 NAN
2025 05 12 19 35 00 20.870 2.170 NAN
2025 05 12 19 36 00 20.880 2.170 NAN
2025 05 12 19 37 01 20.880 2.180 NAN
2025 05 12 19 38 00 20.870 2.170 NAN
2025 05 12 19 39 01 20.870 2.170 NAN
2025 05 12 19 40 01 20.870 2.180 NAN
2025 05 12 19 41 01 20.860 2.190 NAN
2025 05 12 19 42 01 20.870 2.170 NAN
2025 05 12 19 43 01 20.870 2.180 NAN
2025 05 12 19 44 00 20.870 2.160 NAN
2025 05 12 19 45 00 20.870 2.160 NAN
2025 05 12 19 46 00 20.880 2.150 NAN
2025 05 12 19 47 01 20.900 2.150 NAN
2025 05 12 19 48 00 20.910 2.160 NAN
2025 05 12 19 49 02 20.940 2.120 NAN
2025 05 12 19 50 01 20.960 2.100 NAN
2025 05 12 19 51 04 20.990 2.130 NAN
2025 05 12 19 52 01 21.020 2.140 NAN
2025 05 12 19 53 00 21.040 2.120 NAN
2025 05 12 19 54 00 21.060 2.140 NAN
2025 05 12 19 55 03 21.080 2.130 NAN
2025 05 12 19 56 01 21.100 2.120 NAN
2025 05 12 19 57 01 21.110 2.150 NAN
2025 05 12 19 58 01 21.130 2.170 NAN
2025 05 12 19 59 03 21.140 2.160 NAN
2025 05 12 20 00 03 21.150 2.160 NAN
2025 05 12 20 01 00 21.160 2.130 NAN
2025 05 12 20 02 01 21.170 2.150 NAN
2025 05 12 20 03 00 21.190 2.160 NAN
2025 05 12 20 04 00 21.210 2.140 NAN
2025 05 12 20 05 01 21.220 2.120 NAN
2025 05 12 20 06 01 21.230 2.140 NAN
2025 05 12 20 07 01 21.240 2.130 NAN
2025 05 12 20 08 00 21.250 2.090 NAN
2025 05 12 20 09 00 21.260 2.120 NAN
2025 05 12 20 10 00 21.270 2.110 NAN
2025 05 12 20 11 06 21.270 2.100 NAN
2025 05 12 20 12 01 21.280 2.140 NAN
2025 05 12 20 13 01 21.290 2.120 NAN
2025 05 12 20 14 00 21.290 2.130 NAN
2025 05 12 20 15 00 21.300 2.120 NAN
2025 05 12 20 16 00 21.300 2.120 NAN
2025 05 12 20 17 01 21.310 2.130 NAN
2025 05 12 20 18 00 21.310 2.130 NAN
2025 05 12 20 19 00 21.310 2.150 NAN
2025 05 12 20 20 00 21.310 2.160 NAN
2025 05 12 20 21 01 21.320 2.150 NAN
2025 05 12 20 22 01 21.320 2.170 NAN
2025 05 12 20 23 01 21.320 2.170 NAN
2025 05 12 20 24 01 21.320 2.180 NAN
2025 05 12 20 25 03 21.330 2.160 NAN
2025 05 12 20 26 01 21.330 2.160 NAN
2025 05 12 20 27 00 21.330 2.150 NAN
2025 05 12 20 28 01 21.330 2.170 NAN
2025 05 12 20 29 00 21.330 2.170 NAN
2025 05 12 20 30 00 21.330 2.130 NAN
2025 05 12 20 31 01 21.340 2.200 NAN
2025 05 12 20 32 00 21.340 2.170 NAN
2025 05 12 20 33 00 21.340 2.160 NAN
2025 05 12 20 34 01 21.350 2.180 NAN
2025 05 12 20 35 01 21.360 2.160 NAN
2025 05 12 20 36 00 21.360 2.150 NAN
2025 05 12 20 37 00 21.370 2.150 NAN
2025 05 12 20 38 01 21.370 2.170 NAN
2025 05 12 20 39 01 21.370 2.150 NAN
2025 05 12 20 40 01 21.380 2.140 NAN
2025 05 12 20 41 01 21.380 2.150 NAN
2025 05 12 20 42 00 21.380 2.140 NAN
2025 05 12 20 43 01 21.390 2.110 NAN
2025 05 12 20 44 01 21.390 2.130 NAN
2025 05 12 20 45 00 21.390 2.120 NAN
2025 05 12 20 46 01 21.390 2.110 NAN
2025 05 12 20 47 01 21.390 2.100 NAN
2025 05 12 20 48 01 21.390 2.080 NAN
2025 05 12 20 49 01 21.390 2.130 NAN
2025 05 12 20 50 01 21.390 2.120 NAN
2025 05 12 20 51 01 21.390 2.110 NAN
2025 05 12 20 52 01 21.390 2.140 NAN
2025 05 12 20 53 00 21.390 2.130 NAN
2025 05 12 20 54 01 21.390 2.170 NAN
2025 05 12 20 55 01 21.400 2.130 NAN
2025 05 12 20 56 00 21.400 2.180 NAN
2025 05 12 20 57 01 21.400 2.160 NAN
2025 05 12 20 58 01 21.400 2.170 NAN
2025 05 12 20 59 01 21.400 2.180 NAN
2025 05 12 21 00 00 21.400 2.170 NAN
2025 05 12 21 01 00 21.400 2.170 NAN
2025 05 12 21 02 01 21.400 2.180 NAN
2025 05 12 21 03 00 21.410 2.170 NAN
2025 05 12 21 04 00 21.410 2.150 NAN
2025 05 12 21 05 00 21.410 2.140 NAN
2025 05 12 21 06 00 21.410 2.140 NAN
2025 05 12 21 07 01 21.410 2.110 NAN
2025 05 12 21 08 00 21.400 2.140 NAN
2025 05 12 21 09 01 21.410 2.130 NAN
2025 05 12 21 10 01 21.400 2.150 NAN
2025 05 12 21 11 00 21.400 2.160 NAN
2025 05 12 21 12 00 21.400 2.120 NAN
2025 05 12 21 13 00 21.410 2.140 NAN
2025 05 12 21 14 01 21.400 2.150 NAN
2025 05 12 21 15 00 21.410 2.170 NAN
2025 05 12 21 16 00 21.400 2.180 NAN
2025 05 12 21 17 00 21.400 2.190 NAN
2025 05 12 21 18 00 21.400 2.200 NAN
2025 05 12 21 19 00 21.410 2.230 NAN
2025 05 12 21 20 01 21.410 2.200 NAN
2025 05 12 21 21 00 21.400 2.220 NAN
2025 05 12 21 22 00 21.410 2.230 NAN
2025 05 12 21 23 00 21.410 2.240 NAN
2025 05 12 21 24 00 21.410 2.230 NAN
2025 05 12 21 25 00 21.420 2.220 NAN
2025 05 12 21 26 01 21.410 2.230 NAN
2025 05 12 21 27 01 21.420 2.190 NAN
2025 05 12 21 28 00 21.420 2.220 NAN
2025 05 12 21 29 00 21.420 2.210 NAN
2025 05 12 21 30 01 21.420 2.210 NAN
2025 05 12 21 31 02 21.420 2.210 NAN
2025 05 12 21 32 01 21.420 2.220 NAN
2025 05 12 21 33 00 21.420 2.190 NAN
2025 05 12 21 34 00 21.420 2.200 NAN
2025 05 12 21 35 01 21.420 2.210 NAN
2025 05 12 21 36 00 21.410 2.210 NAN
2025 05 12 21 37 01 21.420 2.190 NAN
2025 05 12 21 38 01 21.410 2.230 NAN
2025 05 12 21 39 00 21.410 2.230 NAN
2025 05 12 21 40 01 21.410 2.240 NAN
2025 05 12 21 41 00 21.410 2.270 NAN
2025 05 12 21 42 01 21.410 2.290 NAN
2025 05 12 21 43 00 21.410 2.270 NAN
2025 05 12 21 44 00 21.410 2.280 NAN
2025 05 12 21 45 00 21.420 2.280 NAN
2025 05 12 21 46 00 21.420 2.310 NAN
2025 05 12 21 47 00 21.420 2.300 NAN
2025 05 12 21 48 00 21.420 2.310 NAN
2025 05 12 21 49 00 21.420 2.310 NAN
2025 05 12 21 50 01 21.420 2.310 NAN
2025 05 12 21 51 01 21.420 2.290 NAN
2025 05 12 21 52 00 21.420 2.280 NAN
2025 05 12 21 53 00 21.420 2.290 NAN
2025 05 12 21 54 00 21.420 2.270 NAN
2025 05 12 21 55 00 21.420 2.280 NAN
2025 05 12 21 56 00 21.420 2.250 NAN
2025 05 12 21 57 01 21.420 2.260 NAN
2025 05 12 21 58 00 21.430 2.270 NAN
2025 05 12 21 59 01 21.430 2.240 NAN
2025 05 12 22 00 00 21.440 2.260 NAN
2025 05 12 22 01 01 21.450 2.260 NAN
2025 05 12 22 02 01 21.450 2.260 NAN
2025 05 12 22 03 01 21.450 2.280 NAN
2025 05 12 22 04 00 21.450 2.260 NAN
2025 05 12 22 05 00 21.440 2.300 NAN
2025 05 12 22 06 01 21.450 2.270 NAN
2025 05 12 22 07 00 21.440 2.310 NAN
2025 05 12 22 08 01 21.440 2.310 NAN
2025 05 12 22 09 00 21.440 2.320 NAN
2025 05 12 22 10 01 21.430 2.340 NAN
2025 05 12 22 11 02 21.430 2.350 NAN
2025 05 12 22 12 01 21.430 2.320 NAN
2025 05 12 22 13 01 21.420 2.370 NAN
2025 05 12 22 14 01 21.430 2.380 NAN
2025 05 12 22 15 00 21.420 2.380 NAN
2025 05 12 22 16 01 21.420 2.370 NAN
2025 05 12 22 17 01 21.410 2.370 NAN
2025 05 12 22 18 00 21.400 2.380 NAN
2025 05 12 22 19 00 21.390 2.400 NAN
2025 05 12 22 20 00 21.380 2.400 NAN
2025 05 12 22 21 00 21.380 2.390 NAN
2025 05 12 22 22 00 21.370 2.390 NAN
2025 05 12 22 23 00 21.360 2.400 NAN
2025 05 12 22 24 01 21.360 2.430 NAN
2025 05 12 22 25 01 21.350 2.390 NAN
2025 05 12 22 26 01 21.340 2.430 NAN
2025 05 12 22 27 00 21.340 2.430 NAN
2025 05 12 22 28 00 21.330 2.390 NAN
2025 05 12 22 29 00 21.330 2.440 NAN
2025 05 12 22 30 00 21.330 2.420 NAN
2025 05 12 22 31 00 21.320 2.430 NAN
2025 05 12 22 32 00 21.310 2.440 NAN
2025 05 12 22 33 01 21.310 2.440 NAN
2025 05 12 22 34 02 21.300 2.470 NAN
2025 05 12 22 35 00 21.290 2.440 NAN
2025 05 12 22 36 00 21.280 2.430 NAN
2025 05 12 22 37 00 21.270 2.470 NAN
2025 05 12 22 38 00 21.270 2.430 NAN
2025 05 12 22 39 00 21.260 2.450 NAN
2025 05 12 22 40 00 21.260 2.450 NAN
2025 05 12 22 41 01 21.250 2.440 NAN
2025 05 12 22 42 01 21.250 2.470 NAN
2025 05 12 22 43 00 21.240 2.460 NAN
2025 05 12 22 44 01 21.240 2.470 NAN
2025 05 12 22 45 00 21.230 2.470 NAN
2025 05 12 22 46 00 21.230 2.500 NAN
2025 05 12 22 47 00 21.230 2.470 NAN
2025 05 12 22 48 00 21.230 2.500 NAN
2025 05 12 22 49 00 21.230 2.500 NAN
2025 05 12 22 50 00 21.230 2.530 NAN
2025 05 12 22 51 00 21.230 2.500 NAN
2025 05 12 22 52 01 21.240 2.520 NAN
2025 05 12 22 53 01 21.240 2.520 NAN
2025 05 12 22 54 00 21.240 2.520 NAN
2025 05 12 22 55 01 21.250 2.510 NAN
2025 05 12 22 56 02 21.250 2.530 NAN
2025 05 12 22 57 01 21.250 2.520 NAN
2025 05 12 22 58 01 21.250 2.510 NAN
2025 05 12 22 59 01 21.250 2.540 NAN
2025 05 12 23 00 00 21.250 2.500 NAN
2025 05 12 23 01 01 21.250 2.550 NAN
2025 05 12 23 02 00 21.250 2.530 NAN
2025 05 12 23 03 01 21.250 2.540 NAN
2025 05 12 23 04 01 21.250 2.550 NAN
2025 05 12 23 05 00 21.240 2.560 NAN
2025 05 12 23 06 00 21.230 2.550 NAN
2025 05 12 23 07 01 21.230 2.580 NAN
2025 05 12 23 08 01 21.230 2.590 NAN
2025 05 12 23 09 01 21.220 2.590 NAN
2025 05 12 23 10 00 21.210 2.610 NAN
2025 05 12 23 11 00 21.210 2.590 NAN
2025 05 12 23 12 01 21.200 2.640 NAN
2025 05 12 23 13 01 21.200 2.600 NAN
2025 05 12 23 14 01 21.200 2.650 NAN
2025 05 12 23 15 00 21.200 2.640 NAN
2025 05 12 23 16 01 21.200 2.640 NAN
2025 05 12 23 17 01 21.200 2.640 NAN
2025 05 12 23 18 00 21.200 2.650 NAN
2025 05 12 23 19 00 21.200 2.650 NAN
2025 05 12 23 20 01 21.200 2.670 NAN
2025 05 12 23 21 00 21.190 2.670 NAN
2025 05 12 23 22 01 21.190 2.680 NAN
2025 05 12 23 23 01 21.180 2.680 NAN
2025 05 12 23 24 01 21.180 2.700 NAN
2025 05 12 23 25 00 21.180 2.700 NAN
2025 05 12 23 26 00 21.170 2.670 NAN
2025 05 12 23 27 00 21.170 2.690 NAN
2025 05 12 23 28 01 21.160 2.690 NAN
2025 05 12 23 29 00 21.160 2.700 NAN
2025 05 12 23 30 01 21.150 2.690 NAN
2025 05 12 23 31 00 21.150 2.690 NAN
2025 05 12 23 32 00 21.150 2.710 NAN
2025 05 12 23 33 00 21.140 2.700 NAN
2025 05 12 23 34 01 21.130 2.720 NAN
2025 05 12 23 35 00 21.130 2.680 NAN
2025 05 12 23 36 00 21.130 2.720 NAN
2025 05 12 23 37 00 21.130 2.720 NAN
2025 05 12 23 38 00 21.130 2.690 NAN
2025 05 12 23 39 00 21.130 2.740 NAN
2025 05 12 23 40 00 21.120 2.720 NAN
2025 05 12 23 41 01 21.120 2.730 NAN
2025 05 12 23 42 01 21.110 2.720 NAN
2025 05 12 23 43 00 21.110 2.750 NAN
2025 05 12 23 44 01 21.100 2.760 NAN
2025 05 12 23 45 01 21.100 2.770 NAN
2025 05 12 23 46 00 21.090 2.810 NAN
2025 05 12 23 47 00 21.080 2.770 NAN
2025 05 12 23 48 00 21.070 2.810 NAN
2025 05 12 23 49 00 21.060 2.800 NAN
2025 05 12 23 50 01 21.050 2.810 NAN
2025 05 12 23 51 01 21.040 2.800 NAN
2025 05 12 23 52 01 21.030 2.810 NAN
2025 05 12 23 53 02 21.020 2.780 NAN
2025 05 12 23 54 00 21.010 2.810 NAN
2025 05 12 23 55 00 21.000 2.800 NAN
2025 05 12 23 56 00 20.990 2.800 NAN
2025 05 12 23 57 01 20.980 2.790 NAN
2025 05 12 23 58 01 20.970 2.770 NAN
2025 05 12 23 59 01 20.960 2.800 NAN
2025 05 13 00 00 01 20.950 2.790 NAN
2025 05 13 00 01 00 20.940 2.820 NAN
2025 05 13 00 02 01 20.930 2.790 NAN
2025 05 13 00 03 00 20.920 2.830 NAN
2025 05 13 00 04 01 20.920 2.840 NAN
2025 05 13 00 05 01 20.910 2.840 NAN
2025 05 13 00 06 00 20.900 2.900 NAN
2025 05 13 00 07 01 20.890 2.910 NAN
2025 05 13 00 08 00 20.890 2.960 NAN
2025 05 13 00 09 00 20.880 2.930 NAN
2025 05 13 00 10 01 20.870 2.970 NAN
2025 05 13 00 11 00 20.860 2.980 NAN
2025 05 13 00 12 00 20.840 2.960 NAN
2025 05 13 00 13 01 20.840 3.000 NAN
2025 05 13 00 14 00 20.830 2.940 NAN
2025 05 13 00 15 00 20.820 2.990 NAN
2025 05 13 00 16 01 20.800 2.920 NAN
2025 05 13 00 17 01 20.790 2.930 NAN
2025 05 13 00 18 00 20.780 2.920 NAN
2025 05 13 00 19 00 20.780 2.940 NAN
2025 05 13 00 20 00 20.770 2.890 NAN
2025 05 13 00 21 02 20.760 2.950 NAN
2025 05 13 00 22 00 20.750 2.930 NAN
2025 05 13 00 23 01 20.740 2.930 NAN
2025 05 13 00 24 00 20.730 2.940 NAN
2025 05 13 00 25 00 20.730 2.950 NAN
